<?xml version="1.0" encoding="utf-8"?>
<COLLADA xmlns="http://www.collada.org/2005/11/COLLADASchema" version="1.4.1">
  <asset>
    <contributor>
      <author>Mixamo</author>
      <authoring_tool>COLLADA Mixamo exporter</authoring_tool>
    </contributor>
    <created>2024-11-24T17:03:28Z</created>
    <modified>2024-11-24T17:03:28Z</modified>
    <unit meter="0.010000"/>
    <up_axis>Y_UP</up_axis>
  </asset>
  <library_animations>
    <animation id="mixamorig_Hips-anim" name="mixamorig_Hips">
      <source id="mixamorig_Hips-Matrix-animation-input">
        <float_array id="mixamorig_Hips-Matrix-animation-input-array" count="85">

0.000000 0.033333 0.066667 0.100000 0.133333 0.166667 0.200000 0.233333 0.266667 0.300000 0.333333 0.366667 0.400000 0.433333 0.466667 0.500000
0.533333 0.566667 0.600000 0.633333 0.666667 0.700000 0.733333 0.766667 0.800000 0.833333 0.866667 0.900000 0.933333 0.966667 1.000000 1.033333
1.066667 1.100000 1.133333 1.166667 1.200000 1.233333 1.266667 1.300000 1.333333 1.366667 1.400000 1.433333 1.466667 1.500000 1.533333 1.566667
1.600000 1.633333 1.666667 1.700000 1.733333 1.766667 1.800000 1.833333 1.866667 1.900000 1.933333 1.966667 2.000000 2.033333 2.066667 2.100000
2.133333 2.166667 2.200000 2.233333 2.266667 2.300000 2.333333 2.366667 2.400000 2.433333 2.466667 2.500000 2.533333 2.566667 2.600000 2.633333
2.666667 2.700000 2.733333 2.766667 2.800000</float_array>
        <technique_common>
          <accessor source="#mixamorig_Hips-Matrix-animation-input-array" count="85">
            <param name="TIME" type="float"/>
          </accessor>
        </technique_common>
      </source>
      <source id="mixamorig_Hips-Matrix-animation-output-transform">
        <float_array id="mixamorig_Hips-Matrix-animation-output-transform-array" count="1360">

0.997775 0.043749 -0.050319 0.166306 -0.038205 0.993600 0.106294 93.675156 0.054648 -0.104135 0.993061 0.538684 0.000000 0.000000 0.000000 1.000000
0.996398 0.046042 -0.071217 0.563083 -0.038280 0.993548 0.106753 93.626251 0.075672 -0.103642 0.991732 0.593902 0.000000 0.000000 0.000000 1.000000
0.994231 0.049381 -0.095217 1.007239 -0.039096 0.993490 0.107002 93.552818 0.099881 -0.102662 0.989689 0.656025 0.000000 0.000000 0.000000 1.000000
0.990912 0.053958 -0.123212 1.509293 -0.040852 0.993470 0.106527 93.455269 0.128155 -0.100525 0.986646 0.716664 0.000000 0.000000 0.000000 1.000000
0.985882 0.059695 -0.156440 2.069244 -0.043543 0.993549 0.104712 93.344467 0.161682 -0.096422 0.982121 0.761882 0.000000 0.000000 0.000000 1.000000
0.978415 0.066349 -0.195711 2.677316 -0.047125 0.993739 0.101302 93.234016 0.201207 -0.089892 0.975415 0.779654 0.000000 0.000000 0.000000 1.000000
0.967895 0.073590 -0.240340 3.320405 -0.051627 0.993999 0.096441 93.129028 0.245995 -0.080937 0.965886 0.765096 0.000000 0.000000 0.000000 1.000000
0.953998 0.080972 -0.288670 3.984283 -0.057091 0.994284 0.090224 93.029526 0.294326 -0.069593 0.953168 0.720066 0.000000 0.000000 0.000000 1.000000
0.936247 0.088241 -0.340081 4.654593 -0.063689 0.994536 0.082716 92.936218 0.345521 -0.055783 0.936751 0.652001 0.000000 0.000000 0.000000 1.000000
0.913890 0.095658 -0.394532 5.318995 -0.071935 0.994621 0.074525 92.851250 0.399538 -0.039727 0.915855 0.573252 0.000000 0.000000 0.000000 1.000000
0.887286 0.103526 -0.449450 5.965491 -0.082130 0.994373 0.066905 92.786079 0.453848 -0.022451 0.890796 0.497554 0.000000 0.000000 0.000000 1.000000
0.859366 0.111653 -0.499023 6.580601 -0.093594 0.993730 0.061163 92.769508 0.502723 -0.005856 0.864428 0.434541 0.000000 0.000000 0.000000 1.000000
0.834597 0.119382 -0.537770 7.159949 -0.104655 0.992817 0.057979 92.815010 0.540829 0.007892 0.841096 0.389449 0.000000 0.000000 0.000000 1.000000
0.815910 0.125976 -0.564287 7.715057 -0.113602 0.991880 0.057176 92.890663 0.566908 0.017454 0.823596 0.360784 0.000000 0.000000 0.000000 1.000000
0.803167 0.131068 -0.581157 8.265647 -0.119787 0.991105 0.057976 92.951851 0.583587 0.023051 0.811723 0.346124 0.000000 0.000000 0.000000 1.000000
0.794941 0.134902 -0.591498 8.829144 -0.123846 0.990518 0.059463 92.993843 0.593911 0.025985 0.804111 0.343370 0.000000 0.000000 0.000000 1.000000
0.790983 0.137862 -0.596104 9.406796 -0.126559 0.990079 0.061043 93.029472 0.598606 0.027158 0.800583 0.348857 0.000000 0.000000 0.000000 1.000000
0.791923 0.140087 -0.594334 9.978595 -0.128136 0.989781 0.062561 93.049400 0.597025 0.026612 0.801781 0.354289 0.000000 0.000000 0.000000 1.000000
0.797116 0.141731 -0.586956 10.517644 -0.128777 0.989602 0.064071 93.037056 0.589934 0.024514 0.807079 0.341538 0.000000 0.000000 0.000000 1.000000
0.804269 0.143152 -0.576766 11.018595 -0.129089 0.989462 0.065575 93.004555 0.580076 0.021714 0.814273 0.313969 0.000000 0.000000 0.000000 1.000000
0.811199 0.144758 -0.566569 11.486830 -0.129827 0.989279 0.066877 93.010559 0.570176 0.019305 0.821296 0.288247 0.000000 0.000000 0.000000 1.000000
0.817040 0.146481 -0.557663 11.912231 -0.131045 0.989055 0.067799 93.108727 0.561491 0.017685 0.827294 0.261974 0.000000 0.000000 0.000000 1.000000
0.821899 0.147927 -0.550091 12.278827 -0.132126 0.988863 0.068507 93.296066 0.554099 0.016376 0.832290 0.231514 0.000000 0.000000 0.000000 1.000000
0.826242 0.149293 -0.543172 12.584934 -0.133075 0.988679 0.069316 93.535736 0.547371 0.015011 0.836755 0.208308 0.000000 0.000000 0.000000 1.000000
0.830601 0.151338 -0.535909 12.849885 -0.134748 0.988385 0.070270 93.789459 0.540319 0.013846 0.841346 0.203721 0.000000 0.000000 0.000000 1.000000
0.835207 0.154428 -0.527808 13.084595 -0.137655 0.987916 0.071221 94.007530 0.532429 0.013171 0.846372 0.213270 0.000000 0.000000 0.000000 1.000000
0.839688 0.157975 -0.519584 13.293224 -0.140993 0.987364 0.072343 94.150986 0.524447 0.012512 0.851351 0.223548 0.000000 0.000000 0.000000 1.000000
0.843231 0.161279 -0.512788 13.479819 -0.143571 0.986848 0.074289 94.205894 0.518024 0.010979 0.855295 0.229989 0.000000 0.000000 0.000000 1.000000
0.845327 0.163791 -0.508522 13.640114 -0.144453 0.986464 0.077605 94.190079 0.514349 0.007855 0.857545 0.251916 0.000000 0.000000 0.000000 1.000000
0.846562 0.165260 -0.505985 13.769188 -0.143461 0.986245 0.082094 94.125305 0.512593 0.003091 0.858626 0.305036 0.000000 0.000000 0.000000 1.000000
0.848382 0.165922 -0.502711 13.872568 -0.141236 0.986135 0.087127 94.009361 0.510197 -0.002916 0.860053 0.382550 0.000000 0.000000 0.000000 1.000000
0.851849 0.166386 -0.496658 13.956416 -0.138668 0.986011 0.092487 93.849915 0.505098 -0.009915 0.863005 0.490796 0.000000 0.000000 0.000000 1.000000
0.856960 0.166931 -0.487599 14.012485 -0.136033 0.985804 0.098415 93.678864 0.497106 -0.018009 0.867503 0.645327 0.000000 0.000000 0.000000 1.000000
0.863276 0.167191 -0.476237 14.018985 -0.133031 0.985550 0.104849 93.520744 0.486885 -0.027159 0.873044 0.842931 0.000000 0.000000 0.000000 1.000000
0.870651 0.166594 -0.462832 13.958433 -0.129470 0.985338 0.111118 93.377335 0.474557 -0.036822 0.879454 1.073235 0.000000 0.000000 0.000000 1.000000
0.879112 0.164732 -0.447243 13.835306 -0.125347 0.985248 0.116509 93.227272 0.459838 -0.046364 0.886792 1.322167 0.000000 0.000000 0.000000 1.000000
0.888486 0.161785 -0.429440 13.656824 -0.121169 0.985290 0.120503 93.042488 0.442619 -0.055031 0.895020 1.576507 0.000000 0.000000 0.000000 1.000000
0.898263 0.157874 -0.410122 13.414457 -0.117323 0.985521 0.122404 92.857880 0.423509 -0.061834 0.903779 1.837372 0.000000 0.000000 0.000000 1.000000
0.907545 0.153771 -0.390789 13.139168 -0.114751 0.985940 0.121467 92.756989 0.403972 -0.065393 0.912431 2.080273 0.000000 0.000000 0.000000 1.000000
0.915233 0.151267 -0.373452 12.864025 -0.115042 0.986376 0.117595 92.786949 0.386152 -0.064664 0.920166 2.244137 0.000000 0.000000 0.000000 1.000000
0.920545 0.153319 -0.359290 12.585066 -0.120796 0.986403 0.111431 92.905991 0.371490 -0.059177 0.926549 2.327024 0.000000 0.000000 0.000000 1.000000
0.923765 0.161551 -0.347216 12.297865 -0.133183 0.985594 0.104240 92.985260 0.359055 -0.050050 0.931974 2.298778 0.000000 0.000000 0.000000 1.000000
0.926628 0.173743 -0.333427 11.982978 -0.149359 0.983951 0.097636 92.955399 0.345039 -0.040672 0.937707 2.169335 0.000000 0.000000 0.000000 1.000000
0.930628 0.187971 -0.314005 11.663003 -0.167131 0.981607 0.092280 92.974098 0.325575 -0.033398 0.944926 2.009226 0.000000 0.000000 0.000000 1.000000
0.936324 0.200509 -0.288260 11.353805 -0.182825 0.979261 0.087307 93.114594 0.299787 -0.029046 0.953564 1.837985 0.000000 0.000000 0.000000 1.000000
0.942613 0.209472 -0.260005 11.072056 -0.194484 0.977439 0.082395 93.343918 0.271399 -0.027100 0.962085 1.679240 0.000000 0.000000 0.000000 1.000000
0.947905 0.215400 -0.234689 10.822041 -0.202254 0.976141 0.079012 93.561386 0.246109 -0.027429 0.968854 1.588468 0.000000 0.000000 0.000000 1.000000
0.951770 0.219181 -0.214693 10.606583 -0.206911 0.975219 0.078332 93.720314 0.226541 -0.030132 0.973535 1.569976 0.000000 0.000000 0.000000 1.000000
0.954642 0.221848 -0.198601 10.418175 -0.209878 0.974474 0.079692 93.845154 0.211211 -0.034395 0.976835 1.599650 0.000000 0.000000 0.000000 1.000000
0.957175 0.223772 -0.183692 10.241679 -0.211993 0.973851 0.081693 93.968018 0.197170 -0.039253 0.979583 1.634865 0.000000 0.000000 0.000000 1.000000
0.959890 0.224252 -0.168292 10.067779 -0.212789 0.973520 0.083548 94.097244 0.182572 -0.044386 0.982190 1.629060 0.000000 0.000000 0.000000 1.000000
0.962866 0.222697 -0.152626 9.889468 -0.211703 0.973626 0.085061 94.212036 0.167544 -0.049591 0.984617 1.578096 0.000000 0.000000 0.000000 1.000000
0.965885 0.219204 -0.137901 9.722678 -0.208781 0.974160 0.086155 94.320572 0.153223 -0.054424 0.986692 1.485382 0.000000 0.000000 0.000000 1.000000
0.968824 0.213946 -0.124933 9.574155 -0.204135 0.975087 0.086801 94.439331 0.140391 -0.058592 0.988361 1.379717 0.000000 0.000000 0.000000 1.000000
0.971596 0.207512 -0.113753 9.438810 -0.198310 0.976261 0.087101 94.570244 0.129127 -0.062068 0.989684 1.252340 0.000000 0.000000 0.000000 1.000000
0.974172 0.200577 -0.103719 9.289451 -0.191975 0.977513 0.087260 94.674843 0.118889 -0.065095 0.990771 1.097144 0.000000 0.000000 0.000000 1.000000
0.976665 0.193085 -0.094038 9.092502 -0.185077 0.978814 0.087579 94.707108 0.108955 -0.068131 0.991709 0.969197 0.000000 0.000000 0.000000 1.000000
0.979172 0.184526 -0.084687 8.835086 -0.177086 0.980225 0.088315 94.638725 0.099309 -0.071478 0.992486 0.863863 0.000000 0.000000 0.000000 1.000000
0.981526 0.175387 -0.076453 8.544084 -0.168441 0.981645 0.089448 94.510757 0.090738 -0.074917 0.993053 0.736832 0.000000 0.000000 0.000000 1.000000
0.983703 0.165644 -0.069935 8.232418 -0.159087 0.983084 0.090755 94.335960 0.083785 -0.078150 0.993415 0.601883 0.000000 0.000000 0.000000 1.000000
0.985750 0.155122 -0.065075 7.903449 -0.148847 0.984554 0.092189 94.097672 0.078370 -0.081189 0.993613 0.480319 0.000000 0.000000 0.000000 1.000000
0.987717 0.143594 -0.061610 7.561674 -0.137485 0.986033 0.094001 93.836288 0.074248 -0.084376 0.993664 0.383382 0.000000 0.000000 0.000000 1.000000
0.989609 0.130743 -0.059833 7.203375 -0.124641 0.987514 0.096340 93.630844 0.071682 -0.087881 0.993548 0.298106 0.000000 0.000000 0.000000 1.000000
0.991241 0.117422 -0.060439 6.851456 -0.111116 0.988881 0.098827 93.522629 0.071371 -0.091246 0.993268 0.199186 0.000000 0.000000 0.000000 1.000000
0.992489 0.104292 -0.063949 6.480036 -0.097530 0.990091 0.101032 93.304016 0.073852 -0.094036 0.992826 0.097711 0.000000 0.000000 0.000000 1.000000
0.993065 0.094473 -0.069978 6.105342 -0.086972 0.990827 0.103432 92.978409 0.079107 -0.096628 0.992172 0.001868 0.000000 0.000000 0.000000 1.000000
0.993037 0.089365 -0.076758 5.775258 -0.080890 0.990942 0.107197 92.727562 0.085643 -0.100242 0.991270 -0.114851 0.000000 0.000000 0.000000 1.000000
0.992988 0.086099 -0.081003 5.456779 -0.076726 0.990691 0.112450 92.573868 0.089931 -0.105447 0.990350 -0.234246 0.000000 0.000000 0.000000 1.000000
0.993473 0.082056 -0.079240 5.124835 -0.072444 0.990442 0.117374 92.513412 0.088114 -0.110867 0.989921 -0.341427 0.000000 0.000000 0.000000 1.000000
0.994519 0.076435 -0.071337 4.757441 -0.067529 0.990492 0.119855 92.527489 0.079820 -0.114381 0.990225 -0.427269 0.000000 0.000000 0.000000 1.000000
0.995658 0.069403 -0.062034 4.338989 -0.061627 0.990918 0.119514 92.598679 0.069765 -0.115172 0.990893 -0.480895 0.000000 0.000000 0.000000 1.000000
0.996481 0.061387 -0.057070 3.877031 -0.054356 0.991584 0.117499 92.708092 0.063803 -0.113984 0.991432 -0.488219 0.000000 0.000000 0.000000 1.000000
0.996903 0.053590 -0.057554 3.404952 -0.046724 0.992306 0.114655 92.838448 0.063255 -0.111611 0.991737 -0.446475 0.000000 0.000000 0.000000 1.000000
0.997083 0.047815 -0.059486 2.957113 -0.041008 0.992995 0.110811 92.984390 0.064368 -0.108048 0.992060 -0.373179 0.000000 0.000000 0.000000 1.000000
0.997261 0.044886 -0.058784 2.542489 -0.038474 0.993623 0.105988 93.142746 0.063166 -0.103437 0.992628 -0.292346 0.000000 0.000000 0.000000 1.000000
0.997494 0.043985 -0.055412 2.145012 -0.038196 0.994100 0.101518 93.301582 0.059550 -0.099147 0.993289 -0.212314 0.000000 0.000000 0.000000 1.000000
0.997661 0.043848 -0.052436 1.743118 -0.038483 0.994316 0.099271 93.444214 0.056491 -0.097021 0.993678 -0.119892 0.000000 0.000000 0.000000 1.000000
0.997669 0.043880 -0.052258 1.333335 -0.038504 0.994265 0.099776 93.558960 0.056336 -0.097531 0.993637 0.001113 0.000000 0.000000 0.000000 1.000000
0.997546 0.043974 -0.054485 0.948214 -0.038266 0.994079 0.101699 93.640045 0.058634 -0.099364 0.993322 0.144023 0.000000 0.000000 0.000000 1.000000
0.997405 0.044027 -0.056970 0.645519 -0.037970 0.993922 0.103334 93.686432 0.061174 -0.100903 0.993014 0.275689 0.000000 0.000000 0.000000 1.000000
0.997331 0.044020 -0.058250 0.458925 -0.037788 0.993851 0.104081 93.703308 0.062474 -0.101602 0.992862 0.365602 0.000000 0.000000 0.000000 1.000000
0.997302 0.044118 -0.058676 0.361385 -0.037820 0.993815 0.104413 93.701759 0.062920 -0.101912 0.992802 0.416043 0.000000 0.000000 0.000000 1.000000
0.997278 0.044360 -0.058897 0.294919 -0.038008 0.993756 0.104906 93.692688 0.063183 -0.102381 0.992737 0.453541 0.000000 0.000000 0.000000 1.000000
0.997353 0.044435 -0.057552 0.227737 -0.038176 0.993673 0.105628 93.682732 0.061881 -0.103151 0.992739 0.495543 0.000000 0.000000 0.000000 1.000000
0.997775 0.043749 -0.050319 0.166314 -0.038205 0.993600 0.106294 93.675156 0.054648 -0.104135 0.993061 0.538670 0.000000 0.000000 0.000000 1.000000</float_array>
        <technique_common>
          <accessor source="#mixamorig_Hips-Matrix-animation-output-transform-array" count="85" stride="16">
            <param type="float4x4"/>
          </accessor>
        </technique_common>
      </source>
      <source id="mixamorig_Hips-Interpolations">
        <Name_array id="mixamorig_Hips-Interpolations-array" count="85">
 LINEAR LINEAR LINEAR LINEAR LINEAR LINEAR LINEAR LINEAR LINEAR LINEAR LINEAR
LINEAR LINEAR LINEAR LINEAR LINEAR LINEAR LINEAR LINEAR LINEAR LINEAR LINEAR LINEAR
LINEAR LINEAR LINEAR LINEAR LINEAR LINEAR LINEAR LINEAR LINEAR LINEAR LINEAR LINEAR
LINEAR LINEAR LINEAR LINEAR LINEAR LINEAR LINEAR LINEAR LINEAR LINEAR LINEAR LINEAR
LINEAR LINEAR LINEAR LINEAR LINEAR LINEAR LINEAR LINEAR LINEAR LINEAR LINEAR LINEAR
LINEAR LINEAR LINEAR LINEAR LINEAR LINEAR LINEAR LINEAR LINEAR LINEAR LINEAR LINEAR
LINEAR LINEAR LINEAR LINEAR LINEAR LINEAR LINEAR LINEAR LINEAR LINEAR LINEAR LINEAR
LINEAR LINEAR</Name_array>
        <technique_common>
          <accessor source="#mixamorig_Hips-Interpolations-array" count="85">
            <param type="name"/>
          </accessor>
        </technique_common>
      </source>
      <sampler id="mixamorig_Hips-Matrix-animation-transform">
        <input semantic="INPUT" source="#mixamorig_Hips-Matrix-animation-input"/>
        <input semantic="OUTPUT" source="#mixamorig_Hips-Matrix-animation-output-transform"/>
        <input semantic="INTERPOLATION" source="#mixamorig_Hips-Interpolations"/>
      </sampler>
      <channel source="#mixamorig_Hips-Matrix-animation-transform" target="mixamorig_Hips/matrix"/>
    </animation>
    <animation id="mixamorig_Spine-anim" name="mixamorig_Spine">
      <source id="mixamorig_Spine-Matrix-animation-input">
        <float_array id="mixamorig_Spine-Matrix-animation-input-array" count="85">

0.000000 0.033333 0.066667 0.100000 0.133333 0.166667 0.200000 0.233333 0.266667 0.300000 0.333333 0.366667 0.400000 0.433333 0.466667 0.500000
0.533333 0.566667 0.600000 0.633333 0.666667 0.700000 0.733333 0.766667 0.800000 0.833333 0.866667 0.900000 0.933333 0.966667 1.000000 1.033333
1.066667 1.100000 1.133333 1.166667 1.200000 1.233333 1.266667 1.300000 1.333333 1.366667 1.400000 1.433333 1.466667 1.500000 1.533333 1.566667
1.600000 1.633333 1.666667 1.700000 1.733333 1.766667 1.800000 1.833333 1.866667 1.900000 1.933333 1.966667 2.000000 2.033333 2.066667 2.100000
2.133333 2.166667 2.200000 2.233333 2.266667 2.300000 2.333333 2.366667 2.400000 2.433333 2.466667 2.500000 2.533333 2.566667 2.600000 2.633333
2.666667 2.700000 2.733333 2.766667 2.800000</float_array>
        <technique_common>
          <accessor source="#mixamorig_Spine-Matrix-animation-input-array" count="85">
            <param name="TIME" type="float"/>
          </accessor>
        </technique_common>
      </source>
      <source id="mixamorig_Spine-Matrix-animation-output-transform">
        <float_array id="mixamorig_Spine-Matrix-animation-output-transform-array" count="1360">

0.995931 -0.014583 0.088934 0.000000 0.025121 0.992630 -0.118550 10.871300 -0.086550 0.120301 0.988957 -0.951400 0.000000 0.000000 0.000000 1.000000
0.995895 -0.012509 0.089650 -0.000000 0.023138 0.992682 -0.118523 10.871300 -0.087511 0.120111 0.988896 -0.951400 0.000000 0.000000 0.000000 1.000000
0.995943 -0.010852 0.089331 0.000000 0.021455 0.992709 -0.118607 10.871300 -0.087393 0.120043 0.988915 -0.951400 0.000000 0.000000 0.000000 1.000000
0.996063 -0.009345 0.088150 0.000000 0.019813 0.992740 -0.118638 10.871300 -0.086401 0.119917 0.989017 -0.951400 0.000000 0.000000 0.000000 1.000000
0.996205 -0.007528 0.086716 -0.000000 0.017801 0.992816 -0.118319 10.871300 -0.085202 0.119414 0.989182 -0.951400 0.000000 0.000000 0.000000 1.000000
0.996327 -0.005004 0.085480 -0.000000 0.015074 0.992951 -0.117567 10.871300 -0.084289 0.118424 0.989379 -0.951400 0.000000 0.000000 0.000000 1.000000
0.996488 -0.001633 0.083718 0.000000 0.011427 0.993109 -0.116635 10.871300 -0.082951 0.117182 0.989640 -0.951400 0.000000 0.000000 0.000000 1.000000
0.996758 0.002508 0.080421 0.000000 0.006824 0.993277 -0.115558 10.871300 -0.080170 0.115732 0.990040 -0.951400 0.000000 0.000000 0.000000 1.000000
0.997024 0.007146 0.076764 0.000000 0.001651 0.993488 -0.113926 10.871300 -0.077078 0.113714 0.990519 -0.951400 0.000000 0.000000 0.000000 1.000000
0.997081 0.011661 0.075461 0.000000 -0.003184 0.993760 -0.111494 10.871300 -0.076290 0.110928 0.990896 -0.951400 0.000000 0.000000 0.000000 1.000000
0.996952 0.015299 0.076505 -0.000000 -0.006920 0.994060 -0.108614 10.871300 -0.077712 0.107753 0.991136 -0.951400 0.000000 0.000000 0.000000 1.000000
0.996965 0.017561 0.075845 -0.000000 -0.009452 0.994323 -0.105981 10.871300 -0.077276 0.104942 0.991471 -0.951400 0.000000 0.000000 0.000000 1.000000
0.997404 0.018523 0.069586 -0.000000 -0.011200 0.994495 -0.104188 10.871300 -0.071133 0.103138 0.992120 -0.951400 0.000000 0.000000 0.000000 1.000000
0.998127 0.018731 0.058244 0.000000 -0.012634 0.994567 -0.103334 10.871300 -0.059863 0.102404 0.992940 -0.951400 0.000000 0.000000 0.000000 1.000000
0.998774 0.018488 0.045930 0.000000 -0.013679 0.994599 -0.102888 10.871300 -0.047584 0.102134 0.993632 -0.951400 0.000000 0.000000 0.000000 1.000000
0.999196 0.017438 0.036101 0.000000 -0.013668 0.994674 -0.102157 10.871300 -0.037691 0.101582 0.994113 -0.951400 0.000000 0.000000 0.000000 1.000000
0.999457 0.015467 0.029102 0.000000 -0.012451 0.994799 -0.101089 10.871300 -0.030514 0.100672 0.994452 -0.951400 0.000000 0.000000 0.000000 1.000000
0.999628 0.013261 0.023827 -0.000000 -0.010806 0.994894 -0.100342 10.871300 -0.025036 0.100047 0.994668 -0.951400 0.000000 0.000000 0.000000 1.000000
0.999726 0.011473 0.020425 -0.000000 -0.009366 0.994904 -0.100394 10.871300 -0.021472 0.100176 0.994738 -0.951400 0.000000 0.000000 0.000000 1.000000
0.999749 0.010052 0.020034 -0.000000 -0.007980 0.994860 -0.100949 10.871300 -0.020946 0.100764 0.994690 -0.951400 0.000000 0.000000 0.000000 1.000000
0.999706 0.008571 0.022703 0.000000 -0.006229 0.994839 -0.101276 10.871300 -0.023454 0.101104 0.994599 -0.951400 0.000000 0.000000 0.000000 1.000000
0.999608 0.007276 0.027036 0.000000 -0.004513 0.994888 -0.100887 10.871300 -0.027632 0.100725 0.994531 -0.951400 0.000000 0.000000 0.000000 1.000000
0.999483 0.006856 0.031415 0.000000 -0.003688 0.994998 -0.099825 10.871300 -0.031943 0.099658 0.994509 -0.951400 0.000000 0.000000 0.000000 1.000000
0.999378 0.006825 0.034594 0.000000 -0.003388 0.995136 -0.098451 10.871300 -0.035098 0.098272 0.994540 -0.951400 0.000000 0.000000 0.000000 1.000000
0.999334 0.005700 0.036039 0.000000 -0.002175 0.995273 -0.097097 10.871300 -0.036423 0.096954 0.994622 -0.951400 0.000000 0.000000 0.000000 1.000000
0.999327 0.002911 0.036560 0.000000 0.000610 0.995389 -0.095923 10.871300 -0.036671 0.095881 0.994717 -0.951400 0.000000 0.000000 0.000000 1.000000
0.999284 -0.000247 0.037830 -0.000000 0.003842 0.995469 -0.095005 10.871300 -0.037635 0.095083 0.994758 -0.951400 0.000000 0.000000 0.000000 1.000000
0.999163 -0.002094 0.040848 0.000000 0.005946 0.995517 -0.094394 10.871300 -0.040467 0.094558 0.994697 -0.951400 0.000000 0.000000 0.000000 1.000000
0.998967 -0.001468 0.045410 0.000000 0.005734 0.995559 -0.093967 10.871300 -0.045071 0.094131 0.994539 -0.951400 0.000000 0.000000 0.000000 1.000000
0.998723 0.001584 0.050494 -0.000000 0.003145 0.995621 -0.093428 10.871300 -0.050421 0.093468 0.994345 -0.951400 0.000000 0.000000 0.000000 1.000000
0.998478 0.005696 0.054861 0.000000 -0.000587 0.995694 -0.092697 10.871300 -0.055153 0.092524 0.994182 -0.951400 0.000000 0.000000 0.000000 1.000000
0.998272 0.009383 0.058003 0.000000 -0.004014 0.995751 -0.091997 10.871300 -0.058620 0.091605 0.994068 -0.951400 0.000000 0.000000 0.000000 1.000000
0.998092 0.012668 0.060430 0.000000 -0.007104 0.995787 -0.091419 10.871300 -0.061333 0.090816 0.993977 -0.951400 0.000000 0.000000 0.000000 1.000000
0.997889 0.016947 0.062687 -0.000000 -0.011215 0.995816 -0.090689 10.871300 -0.063962 0.089795 0.993904 -0.951400 0.000000 0.000000 0.000000 1.000000
0.997635 0.023408 0.064628 0.000000 -0.017561 0.995823 -0.089601 10.871300 -0.066456 0.088254 0.993879 -0.951400 0.000000 0.000000 0.000000 1.000000
0.997301 0.032273 0.065945 0.000000 -0.026373 0.995731 -0.088459 10.871300 -0.068518 0.086481 0.993894 -0.951400 0.000000 0.000000 0.000000 1.000000
0.996834 0.042866 0.066971 -0.000000 -0.036921 0.995470 -0.087615 10.871300 -0.070423 0.084865 0.993901 -0.951400 0.000000 0.000000 0.000000 1.000000
0.996043 0.055191 0.069654 0.000000 -0.049061 0.995013 -0.086850 10.871300 -0.074100 0.083089 0.993783 -0.951400 0.000000 0.000000 0.000000 1.000000
0.994594 0.069344 0.077292 0.000000 -0.062663 0.994344 -0.085749 10.871300 -0.082801 0.080442 0.993314 -0.951400 0.000000 0.000000 0.000000 1.000000
0.992169 0.084210 0.092250 -0.000000 -0.076475 0.993493 -0.084400 10.871300 -0.098757 0.076685 0.992152 -0.951400 0.000000 0.000000 0.000000 1.000000
0.988960 0.095938 0.112929 0.000000 -0.086846 0.992770 -0.082856 10.871300 -0.120062 0.072134 0.990142 -0.951400 0.000000 0.000000 0.000000 1.000000
0.985904 0.100833 0.133510 0.000000 -0.090539 0.992588 -0.081067 10.871300 -0.140695 0.067837 0.987726 -0.951400 0.000000 0.000000 0.000000 1.000000
0.984136 0.099709 0.146744 0.000000 -0.088620 0.992826 -0.080270 10.871300 -0.153695 0.065993 0.985912 -0.951400 0.000000 0.000000 0.000000 1.000000
0.984345 0.094220 0.148958 0.000000 -0.082691 0.993213 -0.081798 10.871300 -0.155654 0.068200 0.985455 -0.951400 0.000000 0.000000 0.000000 1.000000
0.985870 0.088437 0.142263 0.000000 -0.076811 0.993395 -0.085246 10.871300 -0.148862 0.073115 0.986151 -0.951400 0.000000 0.000000 0.000000 1.000000
0.987442 0.084558 0.133447 -0.000000 -0.073098 0.993385 -0.088564 10.871300 -0.140053 0.077697 0.987091 -0.951400 0.000000 0.000000 0.000000 1.000000
0.988241 0.082263 0.128888 0.000000 -0.070876 0.993364 -0.090574 10.871300 -0.135484 0.080374 0.987514 -0.951400 0.000000 0.000000 0.000000 1.000000
0.988260 0.080655 0.129758 0.000000 -0.069057 0.993405 -0.091532 10.871300 -0.136285 0.081497 0.987312 -0.951400 0.000000 0.000000 0.000000 1.000000
0.987931 0.078686 0.133422 0.000000 -0.066736 0.993540 -0.091788 10.871300 -0.139783 0.081776 0.986800 -0.951400 0.000000 0.000000 0.000000 1.000000
0.987584 0.076380 0.137273 0.000000 -0.064114 0.993724 -0.091662 10.871300 -0.143412 0.081723 0.986283 -0.951400 0.000000 0.000000 0.000000 1.000000
0.987298 0.074920 0.140108 0.000000 -0.062380 0.993817 -0.091853 10.871300 -0.146123 0.081946 0.985867 -0.951400 0.000000 0.000000 0.000000 1.000000
0.987086 0.074888 0.141608 0.000000 -0.062062 0.993738 -0.092916 10.871300 -0.147680 0.082927 0.985553 -0.951400 0.000000 0.000000 0.000000 1.000000
0.986898 0.075895 0.142379 0.000000 -0.062749 0.993531 -0.094655 10.871300 -0.148641 0.084481 0.985276 -0.951400 0.000000 0.000000 0.000000 1.000000
0.986450 0.077783 0.144449 0.000000 -0.064218 0.993277 -0.096314 10.871300 -0.150969 0.085733 0.984814 -0.951400 0.000000 0.000000 0.000000 1.000000
0.985529 0.080146 0.149362 0.000000 -0.066021 0.993068 -0.097243 10.871300 -0.156121 0.085975 0.983989 -0.951400 0.000000 0.000000 0.000000 1.000000
0.984402 0.082209 0.155545 0.000000 -0.067521 0.992945 -0.097471 10.871300 -0.162461 0.085448 0.983008 -0.951400 0.000000 0.000000 0.000000 1.000000
0.983487 0.083825 0.160393 -0.000000 -0.068719 0.992858 -0.097524 10.871300 -0.167422 0.084892 0.982224 -0.951400 0.000000 0.000000 0.000000 1.000000
0.982779 0.085592 0.163765 -0.000000 -0.070153 0.992726 -0.097850 10.871300 -0.170949 0.084676 0.981635 -0.951400 0.000000 0.000000 0.000000 1.000000
0.982105 0.087197 0.166932 0.000000 -0.071406 0.992584 -0.098376 10.871300 -0.174272 0.084696 0.981048 -0.951400 0.000000 0.000000 0.000000 1.000000
0.981524 0.088459 0.169662 0.000000 -0.072358 0.992468 -0.098852 10.871300 -0.177129 0.084749 0.980532 -0.951400 0.000000 0.000000 0.000000 1.000000
0.981271 0.089022 0.170826 0.000000 -0.072772 0.992408 -0.099148 10.871300 -0.178355 0.084859 0.980300 -0.951400 0.000000 0.000000 0.000000 1.000000
0.981356 0.088700 0.170506 -0.000000 -0.072410 0.992399 -0.099502 10.871300 -0.178036 0.085300 0.980320 -0.951400 0.000000 0.000000 0.000000 1.000000
0.981518 0.087562 0.170161 0.000000 -0.071160 0.992417 -0.100221 10.871300 -0.177646 0.086260 0.980307 -0.951400 0.000000 0.000000 0.000000 1.000000
0.981696 0.084650 0.170606 -0.000000 -0.068005 0.992543 -0.101163 10.871300 -0.177898 0.087709 0.980132 -0.951400 0.000000 0.000000 0.000000 1.000000
0.982032 0.080129 0.170860 0.000000 -0.063154 0.992718 -0.102577 10.871300 -0.177836 0.089944 0.979941 -0.951400 0.000000 0.000000 0.000000 1.000000
0.982865 0.072779 0.169350 0.000000 -0.055385 0.992901 -0.105267 10.871300 -0.175809 0.094083 0.979918 -0.951400 0.000000 0.000000 0.000000 1.000000
0.984360 0.062337 0.164769 -0.000000 -0.044413 0.992904 -0.110313 10.871300 -0.170476 0.101270 0.980144 -0.951400 0.000000 0.000000 0.000000 1.000000
0.986441 0.050765 0.156068 0.000000 -0.032466 0.992526 -0.117635 10.871300 -0.160873 0.110973 0.980717 -0.951400 0.000000 0.000000 0.000000 1.000000
0.988962 0.039095 0.142919 0.000000 -0.021143 0.991927 -0.125036 10.871300 -0.146653 0.120634 0.981805 -0.951400 0.000000 0.000000 0.000000 1.000000
0.991499 0.027994 0.127066 -0.000000 -0.011325 0.991442 -0.130056 10.871300 -0.129620 0.127511 0.983331 -0.951400 0.000000 0.000000 0.000000 1.000000
0.993474 0.018787 0.112501 -0.000000 -0.003809 0.991257 -0.131893 10.871300 -0.113996 0.130604 0.984859 -0.951400 0.000000 0.000000 0.000000 1.000000
0.994638 0.012408 0.102672 -0.000000 0.001186 0.991344 -0.131285 10.871300 -0.103413 0.130703 0.986013 -0.951400 0.000000 0.000000 0.000000 1.000000
0.995191 0.008018 0.097622 0.000000 0.004698 0.991590 -0.129337 10.871300 -0.097838 0.129173 0.986784 -0.951400 0.000000 0.000000 0.000000 1.000000
0.995469 0.004035 0.095003 0.000000 0.008081 0.991895 -0.126805 10.871300 -0.094745 0.126998 0.987368 -0.951400 0.000000 0.000000 0.000000 1.000000
0.995663 -0.000152 0.093031 0.000000 0.011744 0.992203 -0.124076 10.871300 -0.092287 0.124631 0.987902 -0.951400 0.000000 0.000000 0.000000 1.000000
0.995812 -0.004182 0.091328 0.000000 0.015305 0.992481 -0.121439 10.871300 -0.090134 0.122328 0.988388 -0.951400 0.000000 0.000000 0.000000 1.000000
0.995915 -0.007577 0.089977 -0.000000 0.018324 0.992697 -0.119231 10.871300 -0.088416 0.120393 0.988781 -0.951400 0.000000 0.000000 0.000000 1.000000
0.995986 -0.010156 0.088936 0.000000 0.020636 0.992831 -0.117730 10.871300 -0.087102 0.119092 0.989055 -0.951400 0.000000 0.000000 0.000000 1.000000
0.996032 -0.011988 0.088190 0.000000 0.022307 0.992883 -0.116982 10.871300 -0.086160 0.118486 0.989211 -0.951400 0.000000 0.000000 0.000000 1.000000
0.996048 -0.013229 0.087823 -0.000000 0.023488 0.992875 -0.116826 10.871300 -0.085652 0.118427 0.989262 -0.951400 0.000000 0.000000 0.000000 1.000000
0.996035 -0.014012 0.087850 0.000000 0.024291 0.992829 -0.117050 10.871300 -0.085580 0.118720 0.989233 -0.951400 0.000000 0.000000 0.000000 1.000000
0.996003 -0.014427 0.088145 -0.000000 0.024777 0.992766 -0.117481 10.871300 -0.085813 0.119196 0.989155 -0.951400 0.000000 0.000000 0.000000 1.000000
0.995968 -0.014574 0.088521 0.000000 0.025011 0.992703 -0.117963 10.871300 -0.086156 0.119701 0.989065 -0.951400 0.000000 0.000000 0.000000 1.000000
0.995941 -0.014588 0.088818 -0.000000 0.025094 0.992655 -0.118350 10.871300 -0.086439 0.120098 0.988992 -0.951400 0.000000 0.000000 0.000000 1.000000
0.995931 -0.014583 0.088934 0.000000 0.025121 0.992630 -0.118550 10.871300 -0.086550 0.120301 0.988957 -0.951400 0.000000 0.000000 0.000000 1.000000</float_array>
        <technique_common>
          <accessor source="#mixamorig_Spine-Matrix-animation-output-transform-array" count="85" stride="16">
            <param type="float4x4"/>
          </accessor>
        </technique_common>
      </source>
      <source id="mixamorig_Spine-Interpolations">
        <Name_array id="mixamorig_Spine-Interpolations-array" count="85">
 LINEAR LINEAR LINEAR LINEAR LINEAR LINEAR LINEAR LINEAR LINEAR LINEAR LINEAR
LINEAR LINEAR LINEAR LINEAR LINEAR LINEAR LINEAR LINEAR LINEAR LINEAR LINEAR LINEAR
LINEAR LINEAR LINEAR LINEAR LINEAR LINEAR LINEAR LINEAR LINEAR LINEAR LINEAR LINEAR
LINEAR LINEAR LINEAR LINEAR LINEAR LINEAR LINEAR LINEAR LINEAR LINEAR LINEAR LINEAR
LINEAR LINEAR LINEAR LINEAR LINEAR LINEAR LINEAR LINEAR LINEAR LINEAR LINEAR LINEAR
LINEAR LINEAR LINEAR LINEAR LINEAR LINEAR LINEAR LINEAR LINEAR LINEAR LINEAR LINEAR
LINEAR LINEAR LINEAR LINEAR LINEAR LINEAR LINEAR LINEAR LINEAR LINEAR LINEAR LINEAR
LINEAR LINEAR</Name_array>
        <technique_common>
          <accessor source="#mixamorig_Spine-Interpolations-array" count="85">
            <param type="name"/>
          </accessor>
        </technique_common>
      </source>
      <sampler id="mixamorig_Spine-Matrix-animation-transform">
        <input semantic="INPUT" source="#mixamorig_Spine-Matrix-animation-input"/>
        <input semantic="OUTPUT" source="#mixamorig_Spine-Matrix-animation-output-transform"/>
        <input semantic="INTERPOLATION" source="#mixamorig_Spine-Interpolations"/>
      </sampler>
      <channel source="#mixamorig_Spine-Matrix-animation-transform" target="mixamorig_Spine/matrix"/>
    </animation>
    <animation id="mixamorig_Spine1-anim" name="mixamorig_Spine1">
      <source id="mixamorig_Spine1-Matrix-animation-input">
        <float_array id="mixamorig_Spine1-Matrix-animation-input-array" count="85">

0.000000 0.033333 0.066667 0.100000 0.133333 0.166667 0.200000 0.233333 0.266667 0.300000 0.333333 0.366667 0.400000 0.433333 0.466667 0.500000
0.533333 0.566667 0.600000 0.633333 0.666667 0.700000 0.733333 0.766667 0.800000 0.833333 0.866667 0.900000 0.933333 0.966667 1.000000 1.033333
1.066667 1.100000 1.133333 1.166667 1.200000 1.233333 1.266667 1.300000 1.333333 1.366667 1.400000 1.433333 1.466667 1.500000 1.533333 1.566667
1.600000 1.633333 1.666667 1.700000 1.733333 1.766667 1.800000 1.833333 1.866667 1.900000 1.933333 1.966667 2.000000 2.033333 2.066667 2.100000
2.133333 2.166667 2.200000 2.233333 2.266667 2.300000 2.333333 2.366667 2.400000 2.433333 2.466667 2.500000 2.533333 2.566667 2.600000 2.633333
2.666667 2.700000 2.733333 2.766667 2.800000</float_array>
        <technique_common>
          <accessor source="#mixamorig_Spine1-Matrix-animation-input-array" count="85">
            <param name="TIME" type="float"/>
          </accessor>
        </technique_common>
      </source>
      <source id="mixamorig_Spine1-Matrix-animation-output-transform">
        <float_array id="mixamorig_Spine1-Matrix-animation-output-transform-array" count="1360">

0.999823 0.001286 0.018773 0.000000 0.002318 0.981643 -0.190713 12.731600 -0.018673 0.190723 0.981466 0.000000 0.000000 0.000000 0.000000 1.000000
0.999822 0.001525 0.018812 0.000000 0.002091 0.981644 -0.190713 12.731600 -0.018757 0.190718 0.981466 0.000000 0.000000 0.000000 0.000000 1.000000
0.999823 0.001734 0.018718 -0.000000 0.001867 0.981644 -0.190712 12.731600 -0.018705 0.190713 0.981468 -0.000000 0.000000 0.000000 0.000000 1.000000
0.999827 0.001956 0.018483 0.000000 0.001606 0.981644 -0.190717 12.731600 -0.018517 0.190714 0.981471 0.000000 0.000000 0.000000 0.000000 1.000000
0.999832 0.002154 0.018220 0.000000 0.001361 0.981642 -0.190729 12.731600 -0.018296 0.190722 0.981474 0.000000 0.000000 0.000000 0.000000 1.000000
0.999835 0.002286 0.018022 -0.000000 0.001194 0.981644 -0.190720 12.731600 -0.018127 0.190710 0.981479 0.000000 0.000000 0.000000 0.000000 1.000000
0.999840 0.002414 0.017734 0.000000 0.001011 0.981659 -0.190642 12.731600 -0.017869 0.190630 0.981499 0.000000 0.000000 0.000000 0.000000 1.000000
0.999850 0.002698 0.017124 0.000000 0.000613 0.981693 -0.190467 12.731600 -0.017325 0.190449 0.981544 -0.000000 0.000000 0.000000 0.000000 1.000000
0.999860 0.003179 0.016422 -0.000000 0.000003 0.981746 -0.190196 12.731600 -0.016727 0.190169 0.981609 0.000000 0.000000 0.000000 0.000000 1.000000
0.999862 0.003667 0.016195 -0.000000 -0.000526 0.981814 -0.189844 12.731600 -0.016597 0.189809 0.981681 0.000000 0.000000 0.000000 0.000000 1.000000
0.999857 0.004004 0.016452 -0.000000 -0.000814 0.981883 -0.189487 12.731600 -0.016913 0.189447 0.981745 -0.000000 0.000000 0.000000 0.000000 1.000000
0.999857 0.004265 0.016347 0.000000 -0.001095 0.981930 -0.189240 12.731600 -0.016859 0.189195 0.981795 -0.000000 0.000000 0.000000 0.000000 1.000000
0.999876 0.004558 0.015077 0.000000 -0.001624 0.981955 -0.189109 12.731600 -0.015666 0.189061 0.981840 0.000000 0.000000 0.000000 0.000000 1.000000
0.999907 0.004845 0.012748 0.000000 -0.002349 0.981980 -0.188971 12.731600 -0.013434 0.188924 0.981900 0.000000 0.000000 0.000000 0.000000 1.000000
0.999935 0.005046 0.010182 0.000000 -0.003034 0.982019 -0.188756 12.731600 -0.010951 0.188713 0.981971 0.000000 0.000000 0.000000 0.000000 1.000000
0.999954 0.005136 0.008071 0.000000 -0.003522 0.982064 -0.188517 12.731600 -0.008895 0.188480 0.982037 0.000000 0.000000 0.000000 0.000000 1.000000
0.999966 0.005140 0.006520 -0.000000 -0.003821 0.982104 -0.188298 12.731600 -0.007371 0.188267 0.982090 0.000000 0.000000 0.000000 0.000000 1.000000
0.999973 0.005099 0.005344 0.000000 -0.004003 0.982149 -0.188062 12.731600 -0.006208 0.188036 0.982143 0.000000 0.000000 0.000000 0.000000 1.000000
0.999977 0.005037 0.004577 -0.000000 -0.004088 0.982208 -0.187754 12.731600 -0.005441 0.187731 0.982205 -0.000000 0.000000 0.000000 0.000000 1.000000
0.999978 0.004955 0.004439 0.000000 -0.004036 0.982280 -0.187374 12.731600 -0.005289 0.187352 0.982279 0.000000 0.000000 0.000000 0.000000 1.000000
0.999976 0.004879 0.004935 -0.000000 -0.003870 0.982362 -0.186950 12.731600 -0.005760 0.186927 0.982357 -0.000000 0.000000 0.000000 0.000000 1.000000
0.999971 0.004886 0.005779 0.000000 -0.003723 0.982449 -0.186493 12.731600 -0.006589 0.186467 0.982439 0.000000 0.000000 0.000000 0.000000 1.000000
0.999965 0.005038 0.006637 0.000000 -0.003716 0.982539 -0.186018 12.731600 -0.007458 0.185986 0.982524 0.000000 0.000000 0.000000 0.000000 1.000000
0.999960 0.005274 0.007239 0.000000 -0.003839 0.982625 -0.185562 12.731600 -0.008092 0.185526 0.982606 0.000000 0.000000 0.000000 0.000000 1.000000
0.999957 0.005423 0.007475 -0.000000 -0.003945 0.982700 -0.185162 12.731600 -0.008350 0.185125 0.982680 0.000000 0.000000 0.000000 0.000000 1.000000
0.999957 0.005330 0.007538 0.000000 -0.003846 0.982764 -0.184823 12.731600 -0.008393 0.184786 0.982743 -0.000000 0.000000 0.000000 0.000000 1.000000
0.999957 0.005007 0.007786 -0.000000 -0.003484 0.982819 -0.184538 12.731600 -0.008577 0.184503 0.982795 0.000000 0.000000 0.000000 0.000000 1.000000
0.999954 0.004701 0.008412 0.000000 -0.003070 0.982860 -0.184327 12.731600 -0.009135 0.184293 0.982829 0.000000 0.000000 0.000000 0.000000 1.000000
0.999945 0.004729 0.009357 0.000000 -0.002925 0.982883 -0.184209 12.731600 -0.010068 0.184171 0.982843 0.000000 0.000000 0.000000 0.000000 1.000000
0.999933 0.005141 0.010412 -0.000000 -0.003136 0.982894 -0.184145 12.731600 -0.011181 0.184100 0.982844 0.000000 0.000000 0.000000 0.000000 1.000000
0.999920 0.005721 0.011314 0.000000 -0.003541 0.982904 -0.184084 12.731600 -0.012174 0.184029 0.982845 0.000000 0.000000 0.000000 0.000000 1.000000
0.999909 0.006315 0.011944 0.000000 -0.004009 0.982911 -0.184037 12.731600 -0.012902 0.183973 0.982847 0.000000 0.000000 0.000000 0.000000 1.000000
0.999899 0.006947 0.012407 -0.000000 -0.004545 0.982902 -0.184075 12.731600 -0.013474 0.184000 0.982834 -0.000000 0.000000 0.000000 0.000000 1.000000
0.999888 0.007672 0.012834 -0.000000 -0.005177 0.982871 -0.184223 12.731600 -0.014027 0.184136 0.982801 -0.000000 0.000000 0.000000 0.000000 1.000000
0.999876 0.008517 0.013212 -0.000000 -0.005935 0.982829 -0.184426 12.731600 -0.014556 0.184324 0.982758 0.000000 0.000000 0.000000 0.000000 1.000000
0.999864 0.009521 0.013469 0.000000 -0.006872 0.982785 -0.184626 12.731600 -0.014995 0.184508 0.982717 0.000000 0.000000 0.000000 0.000000 1.000000
0.999849 0.010717 0.013663 0.000000 -0.008008 0.982746 -0.184789 12.731600 -0.015408 0.184651 0.982683 -0.000000 0.000000 0.000000 0.000000 1.000000
0.999825 0.012189 0.014194 0.000000 -0.009356 0.982722 -0.184851 12.731600 -0.016202 0.184686 0.982664 0.000000 0.000000 0.000000 0.000000 1.000000
0.999776 0.014135 0.015728 -0.000000 -0.010986 0.982715 -0.184796 12.731600 -0.018068 0.184582 0.982651 0.000000 0.000000 0.000000 0.000000 1.000000
0.999687 0.016592 0.018700 0.000000 -0.012853 0.982696 -0.184780 12.731600 -0.021442 0.184482 0.982602 -0.000000 0.000000 0.000000 0.000000 1.000000
0.999560 0.019019 0.022765 -0.000000 -0.014481 0.982609 -0.185122 12.731600 -0.025890 0.184711 0.982452 0.000000 0.000000 0.000000 0.000000 1.000000
0.999432 0.020430 0.026814 -0.000000 -0.015089 0.982418 -0.186084 12.731600 -0.030144 0.185574 0.982168 0.000000 0.000000 0.000000 0.000000 1.000000
0.999359 0.020158 0.029568 0.000000 -0.014258 0.982132 -0.187650 12.731600 -0.032823 0.187108 0.981791 -0.000000 0.000000 0.000000 0.000000 1.000000
0.999371 0.018443 0.030298 -0.000000 -0.012373 0.981800 -0.189516 12.731600 -0.033242 0.189022 0.981410 -0.000000 0.000000 0.000000 0.000000 1.000000
0.999439 0.016183 0.029326 0.000000 -0.010279 0.981481 -0.191282 12.731600 -0.031879 0.190873 0.981097 0.000000 0.000000 0.000000 0.000000 1.000000
0.999510 0.014200 0.027902 0.000000 -0.008561 0.981224 -0.192684 12.731600 -0.030114 0.192351 0.980864 0.000000 0.000000 0.000000 0.000000 1.000000
